5930,,,,,
373220,,,,,
660,,,,,
207940,,,,,
5490,,,,,
51910,,,,,
6400,,,,,
5380,,,,,
35420,,,,,
3670,,,,,
270,,,,,
105560,,,,,
68270,,,,,
12330,,,,,
35720,,,,,
28260,,,,,
55550,,,,,
66570,,,,,
96770,,,,,
47050,,,,,
32830,,,,,
3550,,,,,
810,,,,,
33780,,,,,
323410,,,,,
86790,,,,,
15760,,,,,
329180,,,,,
138040,,,,,
18260,,,,,
34020,,,,,
34730,,,,,
17670,,,,,
10130,,,,,
352820,,,,,
9150,,,,,
316140,,,,,
10950,,,,,
24110,,,,,
9540,,,,,
3490,,,,,
11200,,,,,
30200,,,,,
1570,,,,,
90430,,,,,
42660,,,,,
259960,,,,,
10140,,,,,
51900,,,,,
326030,,,,,
86280,,,,,
28050,,,,,
100,,,,,
12450,,,,,
5830,,,,,
11170,,,,,
11070,,,,,
377300,,,,,
361610,,,,,
267250,,,,,
9830,,,,,
402340,,,,,
302440,,,,,
36570,,,,,
241560,,,,,
4020,,,,,
47810,,,,,
34220,,,,,
271560,,,,,
161390,,,,,
18880,,,,,
383220,,,,,
32640,,,,,
97950,,,,,
720,,,,,
6800,,,,,
251270,,,,,
11780,,,,,
128940,,,,,
78930,,,,,
29780,,,,,
10620,,,,,
8770,,,,,
5940,,,,,
64350,,,,,
35250,,,,,
16360,,,,,
11790,,,,,
6260,,,,,
71050,,,,,
1450,,,,,
21240,,,,,
3410,,,,,
180640,,,,,
10120,,,,,
282330,,,,,
2790,,,,,
4990,,,,,
4370,,,,,
39490,,,,,
1040,,,,,
7070,,,,,
112610,,,,,
52690,,,,,
81660,,,,,
111770,,,,,
150,,,,,
272210,,,,,
990,,,,,
8930,,,,,
28670,,,,,
36460,,,,,
88350,,,,,
138930,,,,,
4170,,,,,
12750,,,,,
298050,,,,,
30000,,,,,
42670,,,,,
23530,,,,,
880,,,,,
2380,,,,,
14680,,,,,
20150,,,,,
204320,,,,,
79550,,,,,
139480,,,,,
175330,,,,,
47040,,,,,
26960,,,,,
120,,,,,
1440,,,,,
1740,,,,,
4000,,,,,
5850,,,,,
11210,,,,,
336260,,,,,
51600,,,,,
69960,,,,,
137310,,,,,
192820,,,,,
298020,,,,,
17800,,,,,
80,,,,,
3230,,,,,
4800,,,,,
5420,,,,,
120110,,,,,
7310,,,,,
9420,,,,,
10060,,,,,
6280,,,,,
5300,,,,,
6360,,,,,
9240,,,,,
69620,,,,,
375500,,,,,
139130,,,,,
161890,,,,,
185750,,,,,
73240,,,,,
240,,,,,
670,,,,,
1120,,,,,
9900,,,,,
285130,,,,,
93370,,,,,
103140,,,,,
114090,,,,,
280360,,,,,
32350,,,,,
210,,,,,
300720,,,,,
3090,,,,,
4490,,,,,
6650,,,,,
10780,,,,,
14820,,,,,
16380,,,,,
19170,,,,,
20560,,,,,
69260,,,,,
105630,,,,,
178920,,,,,
271940,,,,,
1800,,,,,
1680,,,,,
3240,,,,,
3850,,,,,
5250,,,,,
294870,,,,,
31430,,,,,
39130,,,,,
192080,,,,,
8730,,,,,
13890,,,,,
20000,,,,,
381970,,,,,
284740,,,,,
57050,,,,,
